8888888 8888888888 ,o888888o.        ,o888888o.    
      8 8888      8888     `88.     8888     `88.  
      8 8888   ,8 8888       `8. ,8 8888       `8. 
      8 8888   88 8888           88 8888           
      8 8888   88 8888           88 8888           
      8 8888   88 8888           88 8888           
      8 8888   88 8888           88 8888           
      8 8888   `8 8888       .8' `8 8888       .8' 
      8 8888      8888     ,88'     8888     ,88'  
      8 8888       `8888888P'        `8888888P'
